10,88
10,254
10,260
10,248
10,14
10,276
10,286
10,2
10,3
9,7
9,6
9,1
9,4
9,2
9,3
8,7
8,10
8,8
8,12
50,4
50,3
50,2
50,1
50,0
49,3
49,2
49,1
49,0
48,3
48,2
48,1
48,0
47,5
47,4
47,3
47,2
47,1
47,0
46,4
46,3
46,2
46,1
46,0
44,5
44,4
44,3
44,2
44,1
44,0
41,5
41,4
41,3
41,2
41,1
41,0
39,5
39,4
39,3
18,3
39,2
39,1
39,0
35,4
14,1
35,3
35,1
30,5
14,3
30,3
30,1
13,1
27,3
27,1
20,3
13,3
20,2
20,1
19,3
19,2
19,1
18,1
12,3
12,2
12,1
11,29
11,28
11,27
11,26
11,25
11,24
11,23
11,22
11,21
11,20
11,19
11,18
11,17
11,16
11,15
11,14
11,13
11,12
11,11
11,10
11,9
11,8
11,7
11,6
11,5
